##############################################################################
###               INPUT FILE FOR PROGRAM VPA-2BOX, Version 3.01            ###
##############################################################################
#  INSTRUCTIONS: the control options are entered in the order specified by
#                the existing comments.  The existing comment blocks may be
#                expanded to as many lines as desired, however new comment
#                lines may not be placed anywhere in the file other than
#                immediately before or immediately after existing comments.
#                All comment lines must have one of the following four symbols
#                in the first column of the line:  #, !, *, or - .
#                Otherwise the line is perceived as free-format data input.
##############################################################################
1970 2012
0 5 5 5
###############################################################################
# BEGIN INPUT FOR AREA 1
###############################################################################
9
2
0 0 0 0.38 0.99 1
# TITLE                                                   PDF OF CATCH
# |                                                       |       SIGMA CATCH
# |                                                       |       |
'Yellowfin Tune 1970-2014, Run 2-Cluster2'          0       1
#________________________X______________________________________________________
# NOW ENTER THE (TOTAL)CATCH-AT-AGE DATA. ROW=YEAR, COLUMN=AGE
#_______________________________________________________________________________
#YEAR    0 1 2 3 4 5
1 1970 3530895.45844159 1789264.34195138 301566.650161207 404166.522293613 125879.296436032 367486.60391689 
1 1971 2221515.34743823 3009177.10016675 152613.140156249 352126.136698705 43700.6946618705 466244.826084292 
1 1972 2333970.61129918 1982248.6688505 724442.407194525 335054.598602296 49632.3164538568 590805.709589683 
1 1973 1134147.94270812 3542569.92101888 486111.682961207 384097.587211093 53880.4391700712 644021.467042098 
1 1974 4363871.33160349 5553985.03060544 346763.652078389 457914.915926014 122033.0590826 471984.24808367 
1 1975 2291289.61238665 4780003.47398215 325706.541205557 325465.03620707 219806.388207411 992937.186708142 
1 1976 1400282.74257582 3140327.38180825 697767.979421079 300547.019167685 388290.389857068 787578.004450681 
1 1977 7941188.08905371 2681330.34803596 925935.353346177 1068231.39382989 53956.0819503724 418711.350468052 
1 1978 6536363.49731238 4325638.28479429 711581.322504955 749566.308631999 212292.101572302 491991.716978083 
1 1979 13606274.4005851 1938784.91174927 881584.859760533 751475.290721009 334761.245697154 358949.058452422 
1 1980 10501180.1892866 3602073.95178837 1324058.72913611 459354.602823404 213570.436321047 429946.071844012 
1 1981 14129660.7810502 4367425.63011849 964738.589206926 710127.477986707 548227.3158793 449939.842424226 
1 1982 9550923.11160253 3903554.6058176 1444607.89925757 888099.46954665 95297.4946290487 735450.042843622 
1 1983 14391334.511678 9064948.14915439 1073426.27607126 539614.026423552 124666.789255677 524114.201037452 
1 1984 14475447.2675956 4494561.61939433 749599.078715669 632065.186008736 222424.235030411 189212.796961952 
1 1985 14974405.4916132 6264429.05432345 1344685.35077052 600805.253068118 417739.050164201 246776.460370736 
1 1986 7786318.19845028 7908639.07191689 1788416.82980827 312243.745841145 211028.13959027 380739.457832287 
1 1987 10611026.2864659 5410940.82736939 1369363.78480898 321206.886366104 271090.93350149 525391.511812943 
1 1988 14977084.1582472 5051145.9135844 873800.905684811 334525.484335236 512176.874649577 317964.511716561 
1 1989 10312929.2822029 4986557.35712721 1385936.53392321 917290.736787374 885010.389893754 266768.222738293 
1 1990 7054340.01789387 8813460.32879015 1891554.90723583 1310997.17533204 225969.946480912 477593.540079114 
1 1991 12936221.0506276 5866235.18339914 894466.990003897 664144.030879713 366666.106201899 623571.695462048 
1 1992 8403124.0501738 7372070.15835215 1694229.99584562 688434.340254531 268869.333622003 377922.101950606 
1 1993 10288786.6277361 8295386.3421956 1783037.962672 498561.604658102 353912.941531015 343862.151324965 
1 1994 10244129.0315302 11778074.4044389 1018940.71159438 641977.492196753 173769.056395245 447620.397880212 
1 1995 12469272.7164034 7210866.37642926 852802.669296541 579217.525072593 255247.586070163 559640.131492249 
1 1996 15257904.6799124 7013366.50902843 867982.844096974 603587.838594035 406155.885397205 357203.139296723 
1 1997 14787484.874534 9662663.58589241 345639.233702042 601526.214204796 213310.377677065 290917.636869814 
1 1998 30517328.0463674 8099225.9902343 849588.085700033 485422.932400673 116239.568752157 200073.798009558 
1 1999 17309569.4675744 8292874.01719944 654262.97203693 465751.935274905 298097.128277431 225888.982098574 
1 2000 13149775.0047736 5711126.58679613 1596707.61497606 523902.879592617 90697.0370285896 299403.205459565 
1 2001 12382702.3755427 9718148.71148389 695269.653354988 438418.343713869 553354.898066987 254970.945600798 
1 2002 12011908.1188493 8379201.31348272 743107.011487838 419182.103041084 168667.910410422 294082.303894153 
1 2003 15997892.9055363 7498286.39758459 656176.600154425 350485.705584393 217914.937391205 191091.977314339 
1 2004 11823066.507014 5810680.51908299 625528.582416671 588503.915869076 263855.879842979 241104.785945107 
1 2005 17146130.5026233 5833797.78091466 580283.550348236 370880.602823411 105398.904678371 183145.705171091 
1 2006 13940176.2584356 4974505.21034707 1336179.71840537 373658.835884547 173560.8597874 193199.231470345 
1 2007 10821735.2712965 5411572.22284583 1263975.05138794 383613.467797644 122054.289265845 152237.46709024 
1 2008 11563126.2651776 6286043.54058825 519123.866969617 619949.341139305 155995.901587479 222523.876295135 
1 2009 18715191.7099774 5911713.33149168 699562.247440605 520841.861660432 107267.383186386 262662.945149418 
1 2010 15376848.214935 4748428.89949584 1093150.09862218 259971.314935823 228162.408336204 184595.419708215 
1 2011 10843404.9303899 6043411.76243556 1038974.31985282 285174.215417576 212468.584954789 132939.046575453 
1 2012 12120515.9143406 5565451.91396931 839406.314636844 411935.270080397 129240.691184512 134795.571673949 
-1
#_______________________X___________________________________________________________
# NOW ENTER IN THE ABUNDANCE INDEX SPECIFICATIONS
#_______________________X___________________________________________________________
# GEAR or fishery type
# |     PDF  (0= do not use,1=lognormal, 2=normal)
# |     |    UNITS (1 = numbers, 2 = biomass)
# |     |    |      SELECTIVITY (1 = fixed, 2 = fractional catches, 3 = Powers and Restrepo partial catches,4=Butterworth and Geromont eq 4)
# |     |    |      |     TIMING (-1 = AVERAGE DURING YEAR, POSITIVE INTEGER = NUMBER OF MONTHS ELAPSED)
# |     |    |      |     |       FIRST AGE  LAST AGE
# |     |    |      |     |       |          |      TITLE (IN SINGLE QUOTES)
1 0 1 4 -1 0 5     "a"
2 1 1 4 -1 0 5     "a"
3 0 2 4 -1 0 5     "a"
4 0 1 4 -1 0 5     "a"
5 1 2 4 -1 0 5     "a"
6 1 2 4 -1 0 5     "a"
7 1 1 4 -1 0 5     "a"
8 1 1 4 -1 0 5     "a"
9 0 2 4 -1 0 5     "a"
-1
#_______________________X___________________________________________________________
# NOW ENTER IN THE INDICES OF ABUNDANCE
#________________________X___________________________________________________________
#INDEX YEAR CPUE CV NOTES
1 1970 1.5295 0.2
1 1971 1.4368 0.2
1 1972 1.2105 0.2
1 1973 1.0370 0.2
1 1974 1.5653 0.2
1 1975 0.8431 0.2
1 1976 1.1408 0.2
1 1977 0.6042 0.2
1 1978 1.0479 0.2
1 1979 1.3795 0.2
1 1980 0.8880 0.2
1 1981 0.8707 0.2
1 1982 0.7857 0.2
1 1983 0.8809 0.2
1 1984 1.1496 0.2
1 1985 0.5845 0.2
1 1986 1.1479 0.2
1 1987 1.1232 0.2
1 1988 1.0310 0.2
1 1989 0.7833 0.2
1 1990 1.4807 0.2
1 1991 1.0260 0.2
1 1992 0.8900 0.2
1 1993 0.4800 0.2
1 1994 0.7080 0.2
1 1995 0.4786 0.2
1 1996 0.4747 0.2
1 1997 0.4165 0.2
1 1998 0.4777 0.2
1 1999 0.5881 0.2
1 2000 0.5921 0.2
1 2001 0.5336 0.2
1 2002 0.4878 0.2
1 2003 0.5745 0.2
1 2004 0.7225 0.2
1 2005 0.5756 0.2
1 2006 0.6394 0.2
1 2007 0.6460 0.2
1 2008 0.5766 0.2
1 2009 0.5105 0.2
1 2010 0.4834 0.2
1 2011 0.8091 0.2
1 2012 0.9215 0.2
2 1970 2.0310 0.2
2 1971 1.2610 0.2
2 1972 1.2420 0.2
2 1973 1.2970 0.2
2 1974 0.7690 0.2
2 1975 0.7750 0.2
2 1976 0.9720 0.2
2 1977 0.7970 0.2
2 1978 0.8060 0.2
2 1979 0.8730 0.2
2 1980 0.9080 0.2
2 1981 0.7960 0.2
2 1982 0.7940 0.2
2 1983 0.7420 0.2
2 1984 0.7690 0.2
2 1985 0.6800 0.2
2 1986 0.9440 0.2
2 1987 0.9320 0.2
2 1988 0.8310 0.2
2 1989 0.7390 0.2
2 1990 0.9220 0.2
2 1991 1.4050 0.2
2 1992 1.2080 0.2
3 1987 1.7408 0.2
3 1988 1.7681 0.2
3 1989 1.6832 0.2
3 1990 1.3993 0.2
3 1991 1.1286 0.2
3 1992 1.3299 0.2
3 1993 0.8202 0.2
3 1994 0.7531 0.2
3 1995 1.0730 0.2
3 1996 0.9234 0.2
3 1997 0.8928 0.2
3 1998 0.6169 0.2
3 1999 0.9196 0.2
3 2000 0.8955 0.2
3 2001 0.8777 0.2
3 2002 0.7130 0.2
3 2003 0.5819 0.2
3 2004 1.1349 0.2
3 2005 1.0010 0.2
3 2006 1.0747 0.2
3 2007 1.2887 0.2
3 2008 0.6786 0.2
3 2009 0.5811 0.2
3 2010 0.8075 0.2
3 2011 0.7408 0.2
3 2012 0.9748 0.2
4 1991 1.0445 0.2
4 1992 0.9128 0.2
4 1993 0.7108 0.2
4 1994 0.7432 0.2
4 1995 0.6855 0.2
4 1996 0.9850 0.2
4 1997 0.7252 0.2
4 1998 0.8298 0.2
4 1999 0.9868 0.2
4 2000 1.0499 0.2
4 2001 0.8966 0.2
4 2002 0.9543 0.2
4 2003 0.6224 0.2
4 2004 0.8695 0.2
4 2005 1.5731 0.2
4 2006 1.1870 0.2
4 2007 1.8942 0.2
4 2008 1.2862 0.2
4 2009 1.0553 0.2
4 2010 1.0012 0.2
4 2011 0.8948 0.2
4 2012 0.9669 0.2
5 1982 2.44 0.2
5 1983 0.68 0.2
5 1984 0.41 0.2
5 1985 0.81 0.2
5 1986 1.28 0.2
5 1987 0.66 0.2
5 1988 1.47 0.2
5 1989 0.49 0.2
5 1990 0.21 0.2
5 1991 1.56 0.2
6 1992 1.76 0.2
6 1993 0.32 0.2
6 1994 2 0.2
6 1995 1.29 0.2
6 1996 2.11 0.2
6 1997 1.35 0.2
6 1998 1.81 0.2
6 1999 1.09 0.2
6 2000 1.27 0.2
6 2001 0.94 0.2
6 2002 0.42 0.2
6 2003 0.61 0.2
6 2004 0.54 0.2
6 2005 1.16 0.2
6 2006 0.93 0.2
6 2007 0.52 0.2
6 2008 0.28 0.2
6 2009 0.03 0.2
6 2010 0.56 0.2
7 1978 1.10 0.2
7 1979 1.40 0.2
7 1980 0.69 0.2
7 1981 1.04 0.2
7 1982 0.64 0.2
7 1983 0.54 0.2
7 1984 0.52 0.2
7 1985 0.50 0.2
7 1986 0.94 0.2
7 1987 1.83 0.2
7 1988 1.05 0.2
7 1989 0.95 0.2
7 1990 2.68 0.2
7 1991 0.67 0.2
7 1992 0.71 0.2
7 1993 2.25 0.2
7 1994 1.10 0.2
7 1995 0.84 0.2
7 1996 2.07 0.2
7 1997 1.50 0.2
7 1998 0.85 0.2
7 1999 1.29 0.2
7 2000 1.18 0.2
7 2001 0.73 0.2
7 2002 0.48 0.2
7 2003 0.66 0.2
7 2004 0.74 0.2
7 2005 0.54 0.2
7 2006 0.61 0.2
7 2007 0.71 0.2
7 2008 0.84 0.2
7 2009 0.69 0.2
7 2010 0.65 0.2
7 2011 0.65 0.2
7 2012 1.36 0.2
8 1993 1.2406 0.2
8 1994 2.7416 0.2
8 1995 3.4566 0.2
8 1996 1.5716 0.2
8 1997 1.0789 0.2
8 1998 1.0603 0.2
8 1999 0.7243 0.2
8 2000 0.7386 0.2
8 2001 0.3874 0.2
8 2002 0.8002 0.2
8 2003 1.6735 0.2
8 2004 1.1869 0.2
8 2005 1.4683 0.2
8 2006 0.9341 0.2
8 2007 0.5553 0.2
8 2008 0.3880 0.2
8 2009 0.5054 0.2
8 2010 0.3847 0.2
8 2011 0.4659 0.2
8 2012 0.4181 0.2
9 1976 1.6909 0.2
9 1977 1.0016 0.2
9 1978 1.7116 0.2
9 1979 1.6962 0.2
9 1980 1.7122 0.2
9 1981 1.7713 0.2
9 1982 1.4526 0.2
9 1983 1.4771 0.2
9 1984 2.0386 0.2
9 1985 0.9504 0.2
9 1986 1.6315 0.2
9 1987 1.4826 0.2
9 1988 1.3157 0.2
9 1989 1.0469 0.2
9 1990 1.6547 0.2
9 1991 1.2292 0.2
9 1992 1.1195 0.2
9 1993 0.5785 0.2
9 1994 0.8096 0.2
9 1995 0.5818 0.2
9 1996 0.6095 0.2
9 1997 0.4776 0.2
9 1998 0.5116 0.2
9 1999 0.6277 0.2
9 2000 0.5869 0.2
9 2001 0.4757 0.2
9 2002 0.4325 0.2
9 2003 0.6125 0.2
9 2004 0.7267 0.2
9 2005 0.5751 0.2
9 2006 0.7122 0.2
9 2007 0.6730 0.2
9 2008 0.5828 0.2
9 2009 0.5467 0.2
9 2010 0.4514 0.2
9 2011 0.6757 0.2
9 2012 0.7851 0.2
-1
#_______________________X___________________________________________________________
# NOW ENTER IN THE SELECTIVITIES OR PARTIAL CATCHES FOR THE INDICES OF ABUNDANCE
#INDEX YEAR AGE 0   AGE 1   AGE 2   AGE 3   AGE 4   AGE5 AGE6  AGE7 AGE8  AGE9  AGE10+   'Yellowfin Tuna 2016 Run 1'
#______________________________________X_______________________________________
1 1970 0 11767 54839 105569 13943 1308
1 1971 78 5791 181544 113124 20530 1635
1 1972 19 2425 81199 97918 10283 842
1 1973 9 931 67236 44572 5340 857
1 1974 0 433 53916 40608 4185 212
1 1975 6 451 28948 51410 14004 1072
1 1976 3 705 49285 42579 5184 309
1 1977 0 858 23754 15407 2093 140
1 1978 24 1275 31586 20757 2430 112
1 1979 0 377 29585 24458 2895 143
1 1980 1 986 12542 26920 13427 3487
1 1981 8 3252 49357 41570 10139 1324
1 1982 207 3733 42622 55793 25385 6283
1 1983 1 223 16679 24850 5986 487
1 1984 47 1847 35187 47612 11353 1557
1 1985 32 3201 59604 47817 18919 1802
1 1986 0 466 23801 50586 8354 998
1 1987 0 534 33389 42135 8981 344
1 1988 15 1049 50537 75798 19944 477
1 1989 0 230 56586 78958 22168 1538
1 1990 16 89 23955 82495 24901 2885
1 1991 3 3452 50665 42121 19021 1921
1 1992 0 47 17595 59323 10956 1058
1 1993 0 65 6866 36048 16529 2017
1 1994 0 566 23467 50783 21572 3098
1 1995 0 10290 46832 36531 30222 5943
1 1996 0 36 7040 52628 25149 8762
1 1997 0 9 16127 35360 19249 2174
1 1998 0 1422 34108 59003 16662 2368
1 1999 0 3263 14522 36194 18600 1441
1 2000 0 61 8393 31826 27398 5186
1 2001 0 1070 11299 35368 11368 730
1 2002 0 2252 15276 24334 7205 531
1 2003 0 43 21203 30018 8196 1231
1 2004 0 0 11731 36122 45519 14682
1 2005 0 787 11172 31533 30961 5746
1 2006 36 5090 9109 39914 32318 3017
1 2007 0 75 102460 93115 33833 1634
1 2008 0 411 56092 44089 34475 6303
1 2009 0 1507 40848 34315 27961 3527
1 2010 1 2272 92453 45169 9893 2287
1 2011 0 379 33262 40468 16184 4597
1 2012 0 1346 22520 47516 25949 1602
2 1970 0 4477 36779 104348 16047 10205
2 1971 1 384 19710 44955 30142 4619
2 1972 0 58 3771 54340 24608 7265
2 1973 0 25 18179 32373 9969 1790
2 1974 0 17 20115 28245 6646 1193
2 1975 0 22 16630 28786 8640 1551
2 1976 0 0 6966 26957 8152 507
2 1977 0 0 2804 6325 380 0
2 1978 0 49 10169 5107 0 0
2 1979 0 420 21258 7671 0 0
2 1980 0 0 3309 12555 639 0
2 1981 0 304 9656 11293 2631 226
2 1982 0 254 4537 10367 1127 90
2 1983 0 61 4644 8202 1057 131
2 1984 32 693 7798 10426 803 174
2 1985 5 578 9932 11706 2582 254
2 1986 7 305 14129 28231 896 29
2 1987 0 1390 8520 15371 1003 147
2 1988 0 0 8060 30631 2035 0
2 1989 675 436 13349 7435 1173 0
2 1990 0 232 51483 94163 19473 1529
2 1991 0 1687 81447 47429 15417 72
2 1992 0 784 26742 71069 10452 1676
3 1987 165 495 30348 64655 10061 0
3 1988 292 875 53668 114336 17792 0
3 1989 790 32403 225237 3161 0 0
3 1990 0 2246 30322 52783 10107 1123
3 1991 4401 145232 179340 1650 0 0
3 1992 2201 66040 199221 17611 1651 1101
3 1993 618 169258 91862 17433 3833 1236
3 1994 0 0 10415 54003 6706 442
3 1995 0 0 11695 60641 7530 497
3 1996 0 90954 177366 4977 622 124
3 1997 223 14946 172752 9012 1160 803
3 1998 0 63242 123773 5532 1790 271
3 1999 153 76033 185258 5030 351 62
3 2000 0 454 32993 38827 5636 189
3 2001 0 457 18412 30414 5008 201
3 2002 0 759 22278 32623 7483 86
3 2003 0 1455 20755 22967 8749 177
3 2004 0 1178 28272 30476 6552 138
3 2005 1 1929 16821 21075 5930 219
3 2006 0 5258 24166 23253 4866 193
3 2007 0 569 28392 23683 8116 446
3 2008 0 1883 17285 13500 4762 253
3 2009 1 2255 18244 17913 5806 247
3 2010 1 397 22755 8816 3708 248
3 2011 0 3015 24228 14913 2040 155
3 2012 0 731 32374 22769 6362 220
4 1991 0 4479 1508 1718 1849 503
4 1992 0 6079 2046 2332 2509 682
4 1993 0 345 9117 6270 2031 307
4 1994 0 337 21027 7443 982 138
4 1995 16 48 223 8413 2714 718
4 1996 9 27 125 4693 1514 401
4 1997 9 27 124 4673 1508 399
4 1998 0 5 210 8150 1279 716
4 1999 0 0 101 3193 2334 1910
4 2000 0 0 84 2666 1949 1595
4 2001 0 0 90 2857 2089 1709
4 2002 0 24 2283 4077 868 24
4 2003 0 0 3907 2585 588 65
4 2004 0 704 3520 2762 3447 939
4 2005 0 1043 5217 4093 5110 1391
4 2006 0 71 1420 3767 3172 1848
4 2007 0 12 1097 2888 4355 1502
4 2008 905 30532 33698 0 0 0
4 2009 0 0 560 5245 6813 1904
4 2010 0 182 730 6295 5656 5291
4 2011 0 0 1489 7513 6881 2598
4 2012 282 282 3238 7040 2886 1197
5 1982 0 38 3545 1721 136 73
5 1983 0.00 63 5914 2872 227 122
5 1984 0 15 4946 5124 1121 24
5 1985 0 259 11358 3056 219 18
5 1986 0 200 4956 2586 49 2
5 1987 0 795 5870 325 60 10
5 1988 0 6 4565 1926 6 0
5 1989 0 2 1651 696 2 0
5 1990 0 1 464 196 1 0
5 1991 0 2 1599 675 2 0
6 1992 0 2 1909 805 2 0
6 1993 0 1 516 218 1 0
6 1994 0 2 1522 642 2 0
6 1995 6 1 858 451 6 0
6 1996 19 4 2768 1454 19 0
6 1997 6 1 858 451 6 0
6 1998 10 2 1424 748 10 0
6 1999 0 215 2610 0 27 0
6 2000 0 379 1696 24 12 0
6 2001 0 0 2213 1043 0 0
6 2002 45 783 2709 809 0 0
6 2003 0 165 2226 1476 0 0
6 2004 0 44 7625 917 0 0
6 2005 0 203 8600 9910 9 0
6 2006 0 14 578 5270 188 16
6 2007 0 0 633 510 11 1
6 2008 0 0 41 1420 15 0
6 2009 11 1029 1192 545 453 18
6 2010 0 132 4039 216 0 0
7 1978 0 0 1375 18075 1375 51
7 1979 99 99 3557 15709 1680 0
7 1980 0 1008 5270 8771 297 258
7 1981 0 3849 46325 2231 0 0
7 1982 0 4733 9591 20182 572 0
7 1983 0 409 27331 3457 1046 177
7 1984 152 7857 10004 6106 0 0
7 1985 0 2502 17343 1824 469 28
7 1986 0 3472 19671 13468 200 64
7 1987 8 9112 18733 6114 634 0
7 1988 0 4475 22428 6390 1661 123
7 1989 0 39 11078 13042 2713 117
7 1990 1 160 15335 7649 744 46
7 1991 0 177 13917 5954 487 28
7 1992 0 14618 61189 3974 298 45
7 1993 0 5920 33744 10971 3544 503
7 1994 33 965 25272 8551 1348 178
7 1995 69 3745 27086 9981 2065 145
7 1996 1 941 8061 8292 2737 211
7 1997 0 434 4578 9207 4159 259
7 1998 0 461 3373 10261 6273 205
7 1999 5 645 13650 17723 12459 8549
7 2000 0 725 27437 44842 9992 242
7 2001 0 5793 63875 47749 11898 3601
7 2002 0 304 28484 50882 10834 304
7 2003 0 622 18904 15375 5129 804
7 2004 3 9 7453 29115 7782 735
7 2005 1039 6470 18423 26841 30001 9150
7 2006 297 1138 2210 5315 9647 4233
7 2007 703 11048 7556 7328 8920 3788
7 2008 2215 74767 82520 0 0 0
7 2009 0 0 1583 10242 7666 261
7 2010 76 1771 23857 6552 1631 1526
7 2011 23 592 4791 12903 9769 4445
7 2012 540 540 6755 14382 7852 4490
8 1993 74 11515 68662 33336 10159 1700
8 1994 83 7207 176527 60995 7059 1285
8 1995 1562 11950 83926 49445 5222 1019
8 1996 77 17293 75329 70342 21833 4445
8 1997 0 8806 37851 50928 15884 3784
8 1998 0 9149 82025 61481 17678 604
8 1999 33 6045 52437 43184 17718 3607
8 2000 29 7105 68992 72904 18590 5389
8 2001 45 10073 56068 53176 10279 2624
8 2002 40 460 41108 69194 12306 660
8 2003 0 355 21718 75010 31693 3410
8 2004 7 101 29245 78371 19698 2762
8 2005 1 93 16849 43762 12910 3550
8 2006 11 219 2626 7909 6885 3367
8 2007 0 14 1644 7952 10816 7617
8 2008 2 1 669 6253 6075 3827
8 2009 0 2 1855 7938 7578 4128
8 2010 2 6 1519 6853 3892 1963
8 2011 5 29 8807 14308 7448 3258
8 2012 0 10 2916 9939 4934 1961
9 1976 3 705 49285 42579 5184 309
9 1977 0 858 23754 15407 2093 140
9 1978 24 1275 31586 20757 2430 112
9 1979 0 377 29585 24458 2895 143
9 1980 1 986 12542 26920 13427 3487
9 1981 8 3252 49357 41570 10139 1324
9 1982 207 3733 42622 55793 25385 6283
9 1983 1 223 16679 24850 5986 487
9 1984 47 1847 35187 47612 11353 1557
9 1985 32 3201 59604 47817 18919 1802
9 1986 0 466 23801 50586 8354 998
9 1987 0 534 33389 42135 8981 344
9 1988 15 1049 50537 75798 19944 477
9 1989 0 230 56586 78958 22168 1538
9 1990 16 89 23955 82495 24901 2885
9 1991 3 3452 50665 42121 19021 1921
9 1992 0 47 17595 59323 10956 1058
9 1993 0 65 6866 36048 16529 2017
9 1994 0 566 23467 50783 21572 3098
9 1995 0 10290 46832 36531 30222 5943
9 1996 0 36 7040 52628 25149 8762
9 1997 0 9 16127 35360 19249 2174
9 1998 0 1422 34108 59003 16662 2368
9 1999 0 3263 14522 36194 18600 1441
9 2000 0 61 8393 31826 27398 5186
9 2001 0 1070 11299 35368 11368 730
9 2002 0 2252 15276 24334 7205 531
9 2003 0 43 21203 30018 8196 1231
9 2004 0 0 11731 36122 45519 14682
9 2005 0 787 11172 31533 30961 5746
9 2006 36 5090 9109 39914 32318 3017
9 2007 0 75 102460 93115 33833 1634
9 2008 0 411 56092 44089 34475 6303
9 2009 0 1507 40848 34315 27961 3527
9 2010 1 2272 92453 45169 9893 2287
9 2011 0 379 33262 40468 16184 4597
9 2012 0 1346 22520 47516 25949 1602
-1 -1
#______________________________________X_______________________________________
# NOW ENTER IN THE WEIGHTS AT AGE FOR THE INDICES OF ABUNDANCE (row=year, col=age)
#INDEX YEAR AGE 0   AGE 1   AGE 2   AGE 3   AGE 4   AGE 5+   'Yellowfin Tuna 2003'
#______________________________________X________________________________________
3 1987 1.911396639 10.76335614 27.92805661 50.33145338 67.01770208 82.82300409
3 1988 1.911396639 10.76335614 27.92805661 50.33145338 67.01770208 84.69461022
3 1989 0.649097365 7.655477437 25.38305901 35.67762673 66.44674699 84.24698425
3 1990 1.63595958 6.451618578 24.92625306 52.20968912 67.21336746 110.8343774
3 1991 2.446253608 7.026616835 16.21642503 39.50208157 67.64167244 99.89959326
3 1992 1.080678435 7.996978714 18.84954258 38.43891907 73.94659076 90.2711914
3 1993 1.68449922 5.560180809 18.70977842 40.41983122 73.63079093 97.20739576
3 1994 1.90275685 4.456586084 31.02397896 43.57586243 62.75585277 95.35995131
3 1995 1.91054391 5.135867198 31.02397896 43.57586243 62.75585277 95.35995131
3 1996 1.592527991 7.574394239 12.83560994 37.55066949 70.35177224 103.1052746
3 1997 1.007695525 7.912795349 17.55053016 38.24337063 69.73063273 110.127478
3 1998 1.596154508 7.976334285 12.12194573 39.34330148 67.94249738 91.70223449
3 1999 1.458053296 8.23681567 13.93862123 37.83091909 61.51998908 84.01538127
3 2000 1.632220336 10.74128022 22.47858975 44.32829722 62.1119421 84.83609604
3 2001 1.616080916 9.449252828 24.34906945 43.95068889 63.56642534 89.42409124
3 2002 1.690518111 9.650008677 24.38962167 45.91897725 61.29026776 85.10651368
3 2003 1.492954454 10.34368572 22.20613165 47.04793714 62.13675022 84.61827179
3 2004 1.619827712 10.05831486 24.56355031 42.74372683 63.13887112 85.4179975
3 2005 2.169488904 9.436570903 20.78732349 45.75840874 62.46017294 82.49002989
3 2006 1.571608252 12.10311594 21.76241612 45.4124963 65.13728161 84.94544591
3 2007 1.613629613 11.84031655 23.82032062 46.62448729 63.53816153 83.19275269
3 2008 1.665774336 9.51041092 22.86880748 46.23431397 63.61547768 85.55646935
3 2009 1.082479036 9.418089125 23.77671176 44.87496148 63.27863157 84.96230925
3 2010 2.169488904 8.931139116 24.43180362 42.32904972 63.41470117 83.11710994
3 2011 1.441871646 9.572616094 22.90818396 46.64982867 66.01404472 85.24380165
3 2012 1.504095956 10.12878999 23.35698649 45.83244432 61.50738575 83.97776701
5 1982 2.223863552 9.19024695 29.87431193 48.13705373 75.37183161 99.95167952
5 1983 2.012138623 9.19024695 29.87431193 48.13705373 75.37183161 99.95167952
5 1984 2.23553617 6.933916505 19.52767855 37.35843747 57.70723503 77.94684232
5 1985 1.63595958 7.183761157 18.72282573 35.8894967 64.39758144 85.60973585
5 1986 2.006627425 9.925274164 29.22378195 42.55465872 65.66471953 86.4733192
5 1987 1.950330738 10.03803071 17.59936596 41.75805764 65.22453247 99.95675667
5 1988 1.918352573 8.583370879 22.86241855 33.93633177 60.52697032 101.5160604
5 1989 1.90275685 8.583370879 22.86241855 33.93633177 60.52697032 117.7579105
5 1990 1.91054391 8.583370879 22.86241855 33.93633177 60.52697032 96.9636826
5 1991 1.592527991 8.583370879 22.86241855 33.93633177 60.52697032 89.44144805
6 1992 1.544628216 8.583370879 22.86241855 33.93633177 60.52697032 86.97085992
6 1993 1.596154508 8.583370879 22.86241855 33.93633177 60.52697032 89.83395485
6 1994 1.50953168 8.583370879 22.86241855 33.93633177 60.52697032 88.60403152
6 1995 0.925775938 13.62599329 35.98170177 44.16854508 65.72504616 91.26990314
6 1996 0.925775938 13.62599329 35.98170177 44.16854508 65.72504616 88.61582085
6 1997 0.925775938 13.62599329 35.98170177 44.16854508 65.72504616 88.93559656
6 1998 0.925775938 13.62599329 35.98170177 44.16854508 65.72504616 85.13942127
6 1999 1.619827712 8.007818573 15.10824529 44.2042027 65.72504616 85.29396422
6 2000 1.51126859 12.04059164 21.52251194 45.60437005 79.54187662 86.40834996
6 2001 1.571608252 4.235666562 25.12110946 29.62076852 63.2351177 85.69356885
6 2002 1.071150277 11.15151819 20.49302018 28.30090753 61.26701046 83.07478666
6 2003 1.665774336 7.34115269 21.19106694 29.008286 62.7147385 84.02187665
6 2004 1.525239932 8.219029797 21.59802355 33.47069 61.30077674 83.92503333
6 2005 1.488514355 11.93041693 28.43617026 37.67952602 49.72665263 82.68568663
6 2006 1.441871646 9.375694024 18.25279066 35.66529096 53.12826118 99.62198957
6 2007 1.504095956 3.440087851 26.95771303 31.23149343 72.21622258 75.19466028
6 2008 1.373760239 3.936538782 23.18700271 43.84614827 63.63635515 86.86293192
6 2009 2.604312745 6.509971206 12.6177647 43.14230522 57.43686829 87.67475505
6 2010 1.366104695 8.341263041 26.2130243 46.55259734 63.9406514 85.94175904
9 1976 1.311419709 9.308221416 23.43467844 40.31367443 65.58445171 90.59814529
9 1977 1.50953168 9.340806417 25.65343629 41.99267058 65.9644435 88.75930586
9 1978 2.447901162 8.415350108 25.16400478 42.56213439 64.04129722 85.65468535
9 1979 1.616080916 9.252561619 26.01347013 38.98193435 60.58763181 92.01144403
9 1980 1.041184077 9.606183949 22.78264407 48.35906249 63.41732846 86.32162155
9 1981 0.484261511 11.1075362 28.05537354 42.90715796 67.08952605 89.67565716
9 1982 1.723923504 8.624632731 29.0407903 42.1939837 66.76730757 86.92333875
9 1983 2.103609679 7.882934205 25.23955005 45.71779749 66.26485511 92.66975
9 1984 1.842943906 10.33982499 26.26318232 43.21288114 61.27571548 87.88128277
9 1985 1.513359854 9.205515369 25.95853566 45.90731525 63.76499155 83.93982191
9 1986 1.665774336 8.540989081 24.55873329 41.81320067 59.60080693 88.20181533
9 1987 1.525239932 10.4130485 25.24310657 43.63309826 59.63053234 80.72949627
9 1988 1.128210597 10.05773481 25.3787498 42.28664951 62.23745653 84.27439505
9 1989 1.441871646 11.07847554 28.93535048 45.02681392 63.7231679 85.75255982
9 1990 1.4076023 9.678178322 23.30974909 39.855435 65.37961125 86.5788786
9 1991 1.4076023 10.60472253 25.72464488 44.75333247 61.81452929 82.29200378
9 1992 1.290574319 6.668256842 26.83241401 39.04440744 64.48832696 90.27417679
9 1993 1.366104695 7.781915365 26.86368284 44.31472451 63.00233348 86.46167237
9 1994 1.43997376 11.24761927 25.54690273 46.82004104 64.10601274 85.12430788
9 1995 1.46968186 9.221110985 22.29091391 42.74105917 61.52144111 83.0818621
9 1996 1.593975346 10.74612537 25.74751087 47.45449177 64.93449892 88.78194305
9 1997 1.507946945 5.63216785 21.50513446 46.92545175 64.22919218 84.69770003
9 1998 1.513588381 7.241173412 28.84547643 46.43289785 64.17678695 85.0828148
9 1999 1.477780495 12.5866449 24.68863238 44.77400688 62.01116318 84.25903628
9 2000 1.536599247 12.09367618 29.34291752 46.95667007 63.78189227 86.34992467
9 2001 1.411511122 10.29490695 28.21126341 43.48481419 59.25762396 83.90299102
9 2002 1.742220338 9.805259032 27.3004745 45.32225846 62.01427016 87.16844213
9 2003 1.460622082 11.49717989 31.19887228 46.56215124 60.64580907 87.01477199
9 2004 1.49724534 1.49724534 22.31769437 45.91509895 63.70083651 85.24985265
9 2005 1.492740059 11.29016116 22.39556335 45.97344477 62.44302268 82.40380004
9 2006 1.4076023 11.03874093 21.21433516 48.79682779 63.66674092 80.87071425
9 2007 1.41947233 12.50340381 26.20104348 40.62048072 62.73281998 83.86321884
9 2008 1.287850123 12.6632111 22.56652402 45.37007163 64.11126106 89.97638123
9 2009 1.301204633 10.76859673 27.1894791 46.34100182 64.84777795 85.80147044
9 2010 1.4076023 11.64313625 19.90368828 38.10032055 63.57609516 85.18258843
9 2011 1.338012307 6.891657812 21.70225727 50.73681213 69.16832473 90.31161334
9 2012 1.302616371 7.866349482 25.18009152 45.41805659 63.16280083 85.67968273
-1
#______________________________________X_______________________________________
# NOW ENTER IN THE FECUNDITY AT AGE FOR THE SPAWNING STOCK BIOMASS (row=year, col=age)
#______________________________________X_____________________________________
#year Age 0 Age 1 Age 2 Age 3 Age 4 Age 5
1970 1.033843215 2.165536911 9.323119309 32.09984769 59.95088744 87.82638841
1971 1.033843215 2.165536911 9.323119309 32.09984769 59.95088744 87.82638841
1972 1.033843215 2.165536911 9.323119309 32.09984769 59.95088744 87.82638841
1973 1.033843215 2.165536911 9.323119309 32.09984769 59.95088744 87.82638841
1974 1.033843215 2.165536911 9.323119309 32.09984769 59.95088744 87.82638841
1975 1.033843215 2.165536911 9.323119309 32.09984769 59.95088744 87.82638841
1976 1.033843215 2.165536911 9.323119309 32.09984769 59.95088744 87.82638841
1977 1.033843215 2.165536911 9.323119309 32.09984769 59.95088744 87.82638841
1978 1.033843215 2.165536911 9.323119309 32.09984769 59.95088744 87.82638841
1979 1.033843215 2.165536911 9.323119309 32.09984769 59.95088744 87.82638841
1980 1.033843215 2.165536911 9.323119309 32.09984769 59.95088744 87.82638841
1981 1.033843215 2.165536911 9.323119309 32.09984769 59.95088744 87.82638841
1982 1.033843215 2.165536911 9.323119309 32.09984769 59.95088744 87.82638841
1983 1.033843215 2.165536911 9.323119309 32.09984769 59.95088744 87.82638841
1984 1.033843215 2.165536911 9.323119309 32.09984769 59.95088744 87.82638841
1985 1.033843215 2.165536911 9.323119309 32.09984769 59.95088744 87.82638841
1986 1.033843215 2.165536911 9.323119309 32.09984769 59.95088744 87.82638841
1987 1.033843215 2.165536911 9.323119309 32.09984769 59.95088744 87.82638841
1988 1.033843215 2.165536911 9.323119309 32.09984769 59.95088744 87.82638841
1989 1.033843215 2.165536911 9.323119309 32.09984769 59.95088744 87.82638841
1990 1.033843215 2.165536911 9.323119309 32.09984769 59.95088744 87.82638841
1991 1.033843215 2.165536911 9.323119309 32.09984769 59.95088744 87.82638841
1992 1.033843215 2.165536911 9.323119309 32.09984769 59.95088744 87.82638841
1993 1.033843215 2.165536911 9.323119309 32.09984769 59.95088744 87.82638841
1994 1.033843215 2.165536911 9.323119309 32.09984769 59.95088744 87.82638841
1995 1.033843215 2.165536911 9.323119309 32.09984769 59.95088744 87.82638841
1996 1.033843215 2.165536911 9.323119309 32.09984769 59.95088744 87.82638841
1997 1.033843215 2.165536911 9.323119309 32.09984769 59.95088744 87.82638841
1998 1.033843215 2.165536911 9.323119309 32.09984769 59.95088744 87.82638841
1999 1.033843215 2.165536911 9.323119309 32.09984769 59.95088744 87.82638841
2000 1.033843215 2.165536911 9.323119309 32.09984769 59.95088744 87.82638841
2001 1.033843215 2.165536911 9.323119309 32.09984769 59.95088744 87.82638841
2002 1.033843215 2.165536911 9.323119309 32.09984769 59.95088744 87.82638841
2003 1.033843215 2.165536911 9.323119309 32.09984769 59.95088744 87.82638841
2004 1.033843215 2.165536911 9.323119309 32.09984769 59.95088744 87.82638841
2005 1.033843215 2.165536911 9.323119309 32.09984769 59.95088744 87.82638841
2006 1.033843215 2.165536911 9.323119309 32.09984769 59.95088744 87.82638841
2007 1.033843215 2.165536911 9.323119309 32.09984769 59.95088744 87.82638841
2008 1.033843215 2.165536911 9.323119309 32.09984769 59.95088744 87.82638841
2009 1.033843215 2.165536911 9.323119309 32.09984769 59.95088744 87.82638841
2010 1.033843215 2.165536911 9.323119309 32.09984769 59.95088744 87.82638841
2011 1.033843215 2.165536911 9.323119309 32.09984769 59.95088744 87.82638841
2012 1.033843215 2.165536911 9.323119309 32.09984769 59.95088744 87.82638841
-1
